//HEADER START
EXPT No =1
INITIAL STATE =NUCLEATE-M
IPBHx=0.00
Ip=0.00E+0
tp=0.00E+0
Pulse No=0
Duration Cycle =0
Iteration No=0
CROPPED RECTANGLE = 	0	0	1344	1066
COMMENT =

HEADER STOP//

0.0000000000000000	0.0000000000000000	1971.7231445312500000	1971.7231445312500000	0.0000000000000000	1200.9543457031250000	0.0000000000000000
1.0000000000000000	0.0000000000000000	1971.7293701171875000	1971.7293701171875000	0.0000000000000000	1200.9543457031250000	0.0000000000000000
2.0000000000000000	0.0000000000000000	1970.1116943359375000	1970.1116943359375000	0.0000000000000000	1200.9543457031250000	0.0000000000000000
3.0000000000000000	0.0000000000000000	1969.0885009765625000	1969.0885009765625000	0.0000000000000000	1200.9543457031250000	0.0000000000000000
4.0000000000000000	0.0000000000000000	1965.0688476562500000	1965.0688476562500000	0.0000000000000000	1200.9543457031250000	0.0000000000000000
5.0000000000000000	0.0000000000000000	1962.1613769531250000	1962.1613769531250000	0.0000000000000000	1200.9543457031250000	0.0000000000000000
6.0000000000000000	0.0000000000000000	1958.5678710937500000	1958.5678710937500000	0.0000000000000000	1200.9543457031250000	0.0000000000000000
7.0000000000000000	0.0000000000000000	1954.2698974609375000	1954.2698974609375000	0.0000000000000000	1200.9543457031250000	0.0000000000000000
8.0000000000000000	0.0000000000000000	1950.1124267578125000	1950.1124267578125000	0.0000000000000000	1200.9543457031250000	0.0000000000000000
