//HEADER START
EXPT No =1
INITIAL STATE =NUCLEATE-M
IPBHx=0.00
Ip=0.00E+0
tp=0.00E+0
Pulse No=0
Duration Cycle =0
Iteration No=0
CROPPED RECTANGLE = 	0	0	1344	1066
COMMENT =

HEADER STOP//

0.0000000000000000	0.0000000000000000	1973.4150390625000000	1973.4150390625000000	0.0000000000000000	1200.8980712890625000	0.0000000000000000
1.0000000000000000	0.0000000000000000	1973.5167236328125000	1973.5167236328125000	0.0000000000000000	1200.8980712890625000	0.0000000000000000
2.0000000000000000	0.0000000000000000	1971.5202636718750000	1971.5202636718750000	0.0000000000000000	1200.8980712890625000	0.0000000000000000
3.0000000000000000	0.0000000000000000	1969.5488281250000000	1969.5488281250000000	0.0000000000000000	1200.8980712890625000	0.0000000000000000
4.0000000000000000	0.0000000000000000	1967.3775634765625000	1967.3775634765625000	0.0000000000000000	1200.8980712890625000	0.0000000000000000
5.0000000000000000	0.0000000000000000	1964.7646484375000000	1964.7646484375000000	0.0000000000000000	1200.8980712890625000	0.0000000000000000
6.0000000000000000	0.0000000000000000	1961.5205078125000000	1961.5205078125000000	0.0000000000000000	1200.8980712890625000	0.0000000000000000
7.0000000000000000	0.0000000000000000	1958.8757324218750000	1958.8757324218750000	0.0000000000000000	1200.8980712890625000	0.0000000000000000
8.0000000000000000	0.0000000000000000	1954.6804199218750000	1954.6804199218750000	0.0000000000000000	1200.8980712890625000	0.0000000000000000
